[547.92566]
[547.92566]
[624.0664]
[547.92566]
[547.92566]
[670.849]
[670.849]
[755.21094]
[670.849]
[670.849]
[192.22629]
[192.22629]
[168.08469]
[192.22629]
[192.22629]
[896.74817]
[769.3561]
[696.78796]
[644.511]
[973.1433]
[705.97144]
[1106.518]
[754.7363]
[1237.9717]
[955.6727]
[663.4441]
[376.66525]
[1240.6387]
[1286.2583]
[1045.179]
[1271.2515]
[1118.2607]
[1255.6904]
[1683.0376]
[1795.1559]
[1806.8575]
[1423.9683]
[1302.7737]
[1660.458]
[1646.1592]
[1838.6638]
[1790.7987]
[1766.3098]
[1527.8472]
[2160.838]
[1524.6792]
[1455.2334]
[1551.1145]
[1551.1145]
[1585.4204]
[1522.4238]
[1915.7386]
[1915.7386]
[2187.7886]
[2150.7551]
[2615.1733]
[2615.1733]
[1487.5052]
[1448.288]
[1804.0118]
[1804.0118]
[1523.2089]
[1425.8453]
[2152.3577]
[2152.3577]
[2139.435]
[1896.4841]
[2877.9468]
[2877.9468]
[1234.645]
[1135.655]
[1109.3376]
[1109.3376]
[1552.3961]
[1349.5482]
[1493.6393]
[1493.6393]
[1577.1934]
[1464.0214]
[1444.2007]
[1444.2007]
[1840.6719]
[1781.6895]
[1913.9613]
[1913.9613]
[2140.8237]
[2511.8284]
[2629.229]
[2629.229]
[2140.8237]
[2511.8284]
[2367.3848]
[2468.9385]
[2967.227]
[2967.227]
[2367.3848]
[2468.9385]
[2707.5605]
[3028.6204]
[3242.939]
[3242.939]
[2707.5605]
[3028.6204]
[2037.237]
[2606.2397]
[2507.3613]
[2507.3613]
[2037.237]
[2606.2397]
[2883.5928]
[3336.3428]
[3529.6108]
[3529.6108]
[2883.5928]
[3336.3428]
[2884.5425]
[3667.484]
[3658.0784]
[3658.0784]
[2884.5425]
[3667.484]
[2805.6143]
[3108.8374]
[3356.0264]
[2814.043]
[3485.0952]
[3863.4956]
[3719.4756]
[3389.8645]
[3765.1685]
[4014.9043]
[3684.225]
[3899.3586]
[3813.6433]
[4654.948]
[4260.205]
[4535.441]
[3724.9912]
[4817.3467]
[4816.4014]
[6915.8013]
[6181.6196]
[6416.811]
[5747.898]
[7056.8857]
[8271.466]
[7260.0586]
[6792.4404]
[8015.237]
[7217.3486]
[6137.591]
[8457.675]
[6937.95]
[7099.093]
[9873.239]
[8430.512]
[6387.1455]
[10030.522]
[8780.965]
